<?xml version="1.0" encoding="UTF-8"?>
<document version="1.4.0">
  <chunk label="Chunk 1" enabled="1">
    <sensors next_id="4">
      <sensor id="2" label="unknown" type="frame">
        <resolution width="3476" height="5208"/>
        <property name="fixed" value="0"/>
        <property name="layer_index" value="0"/>
        <bands>
          <band label="Red"/>
          <band label="Green"/>
          <band label="Blue"/>
        </bands>
        <calibration type="frame" class="adjusted">
          <resolution width="3476" height="5208"/>
          <f>8080.86578670853</f>
          <cx>-10.5188018118817</cx>
          <cy>3.06872526224401</cy>
          <b1>6.47851449596445</b1>
          <b2>1.01126186357311</b2>
          <k1>-0.0833118674254903</k1>
          <k2>0.10013150475201</k2>
          <k3>-0.064100972872154</k3>
          <p1>-0.000270815835824993</p1>
          <p2>-0.0001618888246176</p2>
        </calibration>
        <covariance>
          <params>f cx cy b1 b2 k1 k2 k3 p1 p2</params>
          <coeffs>1.9836578514288842e+01 1.6684323980454396e-01 2.9079239404902286e+00 -5.2924264665432776e+00 2.4506415737176050e-03 -1.4170469152151133e-03 2.7809440455503463e-02 -9.6014235568388839e-02 -1.0412057987592956e-05 -4.1770577607755708e-05 1.6684323980454396e-01 6.0501246386039158e+00 6.2470643418384175e-01 2.9330810549581610e-01 -2.8790687281116528e-02 4.4351731300049911e-05 -8.8292637554286647e-04 5.9930756368339350e-03 9.8966498169685910e-05 1.7426829887192297e-05 2.9079239404902300e+00 6.2470643418384086e-01 2.9539733263760802e+01 1.1227072287190252e+00 -1.9535760648258518e-01 2.8391932655048499e-04 2.3843642867545679e-03 4.5897202248481855e-03 2.0073104193081188e-05 8.5520124588972914e-04 -5.2924264665432776e+00 2.9330810549581610e-01 1.1227072287190256e+00 1.4115956414479708e+01 5.0646518246977879e-01 -2.8029868012676784e-04 4.0880400761925438e-03 -2.3190232697885348e-02 9.6739488196019160e-06 8.9092524320721938e-05 2.4506415737175634e-03 -2.8790687281116941e-02 -1.9535760648258513e-01 5.0646518246977867e-01 2.1045618335242162e+00 1.3219396912269217e-05 -8.8195124237110717e-05 1.0371025998002995e-03 -4.3960081574326481e-06 5.0079388320155111e-06 -1.4170469152151100e-03 4.4351731300049789e-05 2.8391932655048635e-04 -2.8029868012676784e-04 1.3219396912268745e-05 1.4164679357478940e-05 -1.9572958486067945e-04 8.2027433289396951e-04 -3.8951128061260970e-09 4.2930715010341946e-09 2.7809440455503400e-02 -8.8292637554286690e-04 2.3843642867545792e-03 4.0880400761925473e-03 -8.8195124237112234e-05 -1.9572958486067935e-04 2.8834069167922968e-03 -1.2566014508969537e-02 5.7825147681957542e-08 -4.8091373089579114e-08 -9.6014235568388590e-02 5.9930756368339359e-03 4.5897202248481395e-03 -2.3190232697885366e-02 1.0371025998002876e-03 8.2027433289396908e-04 -1.2566014508969532e-02 5.6598506980745839e-02 -2.0751367850663771e-07 6.9473589606280408e-07 -1.0412057987592953e-05 9.8966498169685869e-05 2.0073104193081178e-05 9.6739488196019177e-06 -4.3960081574326481e-06 -3.8951128061260953e-09 5.7825147681957529e-08 -2.0751367850663784e-07 6.0541170052791230e-09 7.7470806693297630e-10 -4.1770577607755755e-05 1.7426829887192304e-05 8.5520124588972925e-04 8.9092524320721965e-05 5.0079388320155060e-06 4.2930715010341598e-09 -4.8091373089578850e-08 6.9473589606280366e-07 7.7470806693297692e-10 3.0787864164993151e-08</coeffs>
        </covariance>
      </sensor>
      <sensor id="3" label="unknown" type="frame">
        <resolution width="3465" height="5202"/>
        <property name="fixed" value="0"/>
        <property name="layer_index" value="0"/>
        <bands>
          <band label="Red"/>
          <band label="Green"/>
          <band label="Blue"/>
        </bands>
        <calibration type="frame" class="adjusted">
          <resolution width="3465" height="5202"/>
          <f>8069.686363537</f>
          <cx>3.25960196101221</cx>
          <cy>17.3728261039469</cy>
          <b1>9.5238223780442</b1>
          <b2>2.52899659417903</b2>
          <k1>-0.0751183080232334</k1>
          <k2>0.0687921289463403</k2>
          <k3>-0.207522325001599</k3>
          <p1>0.000156476148980555</p1>
          <p2>0.000285676278814645</p2>
        </calibration>
        <covariance>
          <params>f cx cy b1 b2 k1 k2 k3 p1 p2</params>
          <coeffs>2.1169522543913597e+01 3.2999598479041314e-01 8.4468653050629483e-01 -5.7093410483970732e+00 -1.7232869929023198e-01 -7.7396269905011736e-03 1.1062801159675144e-01 -4.3424014399648525e-01 -5.5101314168391924e-05 -1.0158962016972030e-04 3.2999598479041320e-01 2.7047646812379391e+01 8.2292328729924158e+00 -8.6569140690324037e-02 7.7528682608122279e-01 -4.7303806830035762e-04 1.9671174221096491e-02 -1.0676118952319505e-01 6.3341767607834483e-04 2.8913075753699111e-04 8.4468653050629650e-01 8.2292328729924176e+00 6.0295579051500198e+01 3.0736718355309729e+00 3.3141765846881960e-01 3.5223405375917650e-03 -1.1425012134173710e-02 -4.0517288526324385e-02 2.7297184317174656e-04 1.9322180739948563e-03 -5.7093410483970759e+00 -8.6569140690324439e-02 3.0736718355309729e+00 1.4425869288347652e+01 4.9680876872883589e-01 -3.4515184408045427e-04 1.2041019856510697e-02 -7.1117210698145014e-02 5.2361992052937969e-05 1.1915912563008587e-04 -1.7232869929023203e-01 7.7528682608122268e-01 3.3141765846881960e-01 4.9680876872883589e-01 2.3339886518022732e+00 -2.3965473069821001e-04 4.0991945796174612e-03 -1.8965812185590930e-02 5.5073690085675081e-06 2.1893319380081838e-05 -7.7396269905011241e-03 -4.7303806830035160e-04 3.5223405375917464e-03 -3.4515184408045221e-04 -2.3965473069820982e-04 6.1604757737114579e-05 -9.0196648242203378e-04 3.8743742844821565e-03 7.2018083847297539e-08 1.1635685161510569e-07 1.1062801159675091e-01 1.9671174221096408e-02 -1.1425012134173722e-02 1.2041019856510692e-02 4.0991945796174586e-03 -9.0196648242203399e-04 1.4036131800643066e-02 -6.2827238166053789e-02 -2.8892023577954510e-07 -4.5437337368696922e-08 -4.3424014399648619e-01 -1.0676118952319590e-01 -4.0517288526327480e-02 -7.1117210698144917e-02 -1.8965812185590920e-02 3.8743742844821573e-03 -6.2827238166053789e-02 2.9050176075728540e-01 -1.1173159540690609e-06 -4.4467673611613666e-06 -5.5101314168391944e-05 6.3341767607834473e-04 2.7297184317174651e-04 5.2361992052937969e-05 5.5073690085675081e-06 7.2018083847297539e-08 -2.8892023577954520e-07 -1.1173159540690607e-06 2.7144722233757386e-08 9.1904900049461800e-09 -1.0158962016972030e-04 2.8913075753699122e-04 1.9322180739948563e-03 1.1915912563008590e-04 2.1893319380081835e-05 1.1635685161510567e-07 -4.5437337368696882e-08 -4.4467673611613674e-06 9.1904900049461800e-09 7.3609036599276795e-08</coeffs>
        </covariance>
      </sensor>
    </sensors>
    <cameras next_id="40" next_group_id="0">
      <camera id="0" sensor_id="2" label="A1.jpg" enabled="1">
        <transform>-9.9987171688149112e-01 6.8099917481281814e-03 -1.4497371929066725e-02 1.3669134250707055e-01 -4.6055724761757616e-03 -9.8912727429712688e-01 -1.4698987701098024e-01 -2.3299060185372680e+00 -1.5340745830172600e-02 -1.4690425199403465e-01 9.8903174987633591e-01 -1.2546797418101308e+01 0.0000000000000000e+00 0.0000000000000000e+00 0.0000000000000000e+00 1.0000000000000000e+00</transform>
      </camera>
      <camera id="1" sensor_id="2" label="A2.jpg" enabled="1">
        <transform>-9.9971704841687326e-01 2.1525313619200136e-02 -1.0123437076916085e-02 1.0127735678443311e-01 -1.7919564342187066e-02 -9.6139392814103097e-01 -2.7459170444014569e-01 -1.3040743411985565e+00 -1.5643283492969756e-02 -2.7433260070059695e-01 9.6150762444944027e-01 -1.2807291913014430e+01 0.0000000000000000e+00 0.0000000000000000e+00 0.0000000000000000e+00 1.0000000000000000e+00</transform>
      </camera>
      <camera id="2" sensor_id="2" label="A3.jpg" enabled="1">
        <transform>-9.9983490103023775e-01 -1.7930584361069250e-02 -2.9436077057215827e-03 8.2894715104905939e-02 1.8167718414137342e-02 -9.8358702569679946e-01 -1.7951739996041641e-01 3.8939334879633281e-01 3.2355753618118380e-04 -1.7954124045854777e-01 9.8375039429985867e-01 -1.2648127978293246e+01 0.0000000000000000e+00 0.0000000000000000e+00 0.0000000000000000e+00 1.0000000000000000e+00</transform>
      </camera>
      <camera id="3" sensor_id="2" label="A4.jpg" enabled="1">
        <transform>-9.9988019991763410e-01 9.2255859511294839e-03 -1.2428772124811725e-02 8.4011080684626982e-02 -5.6909072478081753e-03 -9.6583622247009904e-01 -2.5909072723543441e-01 1.5926947906534556e+00 -1.4394422092220967e-02 -2.5898895715560494e-01 9.6577301716504937e-01 -1.2517398840637540e+01 0.0000000000000000e+00 0.0000000000000000e+00 0.0000000000000000e+00 1.0000000000000000e+00</transform>
      </camera>
      <camera id="4" sensor_id="2" label="A5.jpg" enabled="1">
        <transform>-9.9983577738752993e-01 -1.5237702939717022e-02 9.8097229825690642e-03 4.1329416297417459e-02 9.4909483572128348e-03 -9.0141653340288996e-01 -4.3284888264519911e-01 2.8043657082177549e+00 1.5438269176126045e-02 -4.3268469549666017e-01 9.0141312067653390e-01 -1.2152142688859326e+01 0.0000000000000000e+00 0.0000000000000000e+00 0.0000000000000000e+00 1.0000000000000000e+00</transform>
      </camera>
      <camera id="5" sensor_id="3" label="B1.jpg" enabled="1">
        <transform>-7.4879530486086443e-01 2.5306213455783776e-02 -6.6231804065634148e-01 4.1403793739384023e+00 7.8719930338017302e-02 -9.8880244753516089e-01 -1.2677891116448775e-01 -2.5770757307718410e+00 -6.5810999383530311e-01 -1.4706908345742037e-01 7.3841852678890119e-01 -1.1053062082666234e+01 0.0000000000000000e+00 0.0000000000000000e+00 0.0000000000000000e+00 1.0000000000000000e+00</transform>
      </camera>
      <camera id="6" sensor_id="3" label="B2.jpg" enabled="1">
        <transform>-7.4203186962599399e-01 1.1724927104493731e-01 -6.6003129690855011e-01 4.1562938614934630e+00 8.1910869602737732e-02 -9.6134981476786741e-01 -2.6286335440055236e-01 -1.6394867149429679e+00 -6.6534150171192163e-01 -2.4911672381680422e-01 7.0374821066522530e-01 -1.0927770207120931e+01 0.0000000000000000e+00 0.0000000000000000e+00 0.0000000000000000e+00 1.0000000000000000e+00</transform>
      </camera>
      <camera id="7" sensor_id="2" label="B3.jpg" enabled="1">
        <transform>-7.3709876828304144e-01 1.8204311900603010e-02 -6.7553979070358905e-01 4.2551000321210717e+00 1.0320848307398885e-01 -9.8487778632858025e-01 -1.3915371004066573e-01 2.5584083161431509e-01 -6.6785733118472945e-01 -1.7229146532762751e-01 7.2407336379545795e-01 -1.0687400035493695e+01 0.0000000000000000e+00 0.0000000000000000e+00 0.0000000000000000e+00 1.0000000000000000e+00</transform>
      </camera>
      <camera id="8" sensor_id="2" label="B4.jpg" enabled="1">
        <transform>-7.3023571056851411e-01 6.9488611130027259e-02 -6.7965221984020407e-01 4.2464953503714700e+00 9.5073806545260861e-02 -9.7479837822515525e-01 -2.0181450175495666e-01 1.3280859617130274e+00 -6.7654769109020807e-01 -2.1198927975920609e-01 7.0522603961260644e-01 -1.0505991131056794e+01 0.0000000000000000e+00 0.0000000000000000e+00 0.0000000000000000e+00 1.0000000000000000e+00</transform>
      </camera>
      <camera id="9" sensor_id="2" label="B5.jpg" enabled="1">
        <transform>-7.2801032751107131e-01 2.0214847947488598e-01 -6.5508545647359195e-01 4.3534706325650641e+00 8.3260618448008555e-02 -9.2239579943811578e-01 -3.7716529346504624e-01 2.4046360764281092e+00 -6.8049146390890014e-01 -3.2912304906358492e-01 6.5468266062437586e-01 -1.0392731975109092e+01 0.0000000000000000e+00 0.0000000000000000e+00 0.0000000000000000e+00 1.0000000000000000e+00</transform>
      </camera>
      <camera id="10" sensor_id="2" label="C1.jpg" enabled="1">
        <transform>2.3088662162571039e-01 -5.1678078700404896e-02 -9.7160729934274437e-01 6.1611543022461328e+00 1.7496207400505764e-01 -9.8010574678520079e-01 9.3706978280555811e-02 -3.5181042900408661e+00 -9.5712049430263224e-01 -1.9163011584941075e-01 -2.1725160088115947e-01 -5.1360460501278435e+00 0.0000000000000000e+00 0.0000000000000000e+00 0.0000000000000000e+00 1.0000000000000000e+00</transform>
      </camera>
      <camera id="11" sensor_id="2" label="C2.jpg" enabled="1">
        <transform>2.3109068472837979e-01 8.2159904519817792e-02 -9.6945698487403942e-01 6.3688301121158659e+00 1.3551373318817228e-01 -9.8943347159541817e-01 -5.1550299747369473e-02 -2.7818181913971842e+00 -9.6344855781155958e-01 -1.1946194111905770e-01 -2.3978265382402697e-01 -5.2277930838480087e+00 0.0000000000000000e+00 0.0000000000000000e+00 0.0000000000000000e+00 1.0000000000000000e+00</transform>
      </camera>
      <camera id="12" sensor_id="2" label="C3.jpg" enabled="1">
        <transform>2.3276350961178649e-01 1.7513889026558357e-02 -9.7237565389327252e-01 6.3650722404683808e+00 1.0997406781057846e-01 -9.9389876100770735e-01 8.4236142206528461e-03 -6.6218171811702764e-01 -9.6629542739391983e-01 -1.0889681610822924e-01 -2.3326943743039363e-01 -4.8981354790166716e+00 0.0000000000000000e+00 0.0000000000000000e+00 0.0000000000000000e+00 1.0000000000000000e+00</transform>
      </camera>
      <camera id="13" sensor_id="2" label="C4.jpg" enabled="1">
        <transform>2.4554151419258485e-01 9.1002629554777698e-02 -9.6510511666974841e-01 6.2522315192652158e+00 1.1441130961876836e-01 -9.9134592831688084e-01 -6.4368491056261912e-02 3.5484655948224808e-01 -9.6261072975493644e-01 -9.4613803557713760e-02 -2.5382831035369413e-01 -4.7069079113246080e+00 0.0000000000000000e+00 0.0000000000000000e+00 0.0000000000000000e+00 1.0000000000000000e+00</transform>
      </camera>
      <camera id="14" sensor_id="2" label="C5.jpg" enabled="1">
        <transform>2.6102055143027125e-01 2.7892242093454261e-01 -9.2415937739713006e-01 6.3168107104400759e+00 1.6488335770786899e-01 -9.5616112845795342e-01 -2.4201110465636066e-01 1.3083876211037127e+00 -9.5114759637083457e-01 -8.9208629212800136e-02 -2.9556737030998026e-01 -4.3682560147290062e+00 0.0000000000000000e+00 0.0000000000000000e+00 0.0000000000000000e+00 1.0000000000000000e+00</transform>
      </camera>
      <camera id="15" sensor_id="3" label="D1.jpg" enabled="1">
        <transform>7.8377099862952893e-01 -1.4824236514417166e-02 -6.2087298517412959e-01 4.1859926994110381e+00 1.4966942149576337e-01 -9.6574143881455221e-01 2.1199655097553322e-01 -4.5493324513556530e+00 -6.0274545703505200e-01 -2.5908244897746924e-01 -7.5470139701437089e-01 -1.7871041046409173e+00 0.0000000000000000e+00 0.0000000000000000e+00 0.0000000000000000e+00 1.0000000000000000e+00</transform>
      </camera>
      <camera id="16" sensor_id="3" label="D2.jpg" enabled="1">
        <transform>7.8112626475791769e-01 3.0542613760904887e-02 -6.2362561465192889e-01 4.2472199124361110e+00 8.1592879876448240e-02 -9.9523108469862709e-01 5.3457366218900203e-02 -3.3187896814693580e+00 -6.1901886922678806e-01 -9.2640362662536613e-02 -7.7989319957731551e-01 -1.3827183611911411e+00 0.0000000000000000e+00 0.0000000000000000e+00 0.0000000000000000e+00 1.0000000000000000e+00</transform>
      </camera>
      <camera id="17" sensor_id="2" label="D3.jpg" enabled="1">
        <transform>7.8028945601947963e-01 4.3791721972110731e-02 -6.2388352271200587e-01 4.2701706353053934e+00 8.8528190574264226e-02 -9.9523508252133508e-01 4.0864287494069854e-02 -1.3874796697251051e+00 -6.1912125169345567e-01 -8.7117252054163138e-02 -7.8044824306039673e-01 -1.0615466119469170e+00 0.0000000000000000e+00 0.0000000000000000e+00 0.0000000000000000e+00 1.0000000000000000e+00</transform>
      </camera>
      <camera id="18" sensor_id="3" label="D4.jpg" enabled="1">
        <transform>7.7803166070537144e-01 8.2456923435718796e-02 -6.2279016588057801e-01 4.3203324619403727e+00 1.0021339196325295e-01 -9.9494449603371093e-01 -6.5365039160463038e-03 -1.8154445365551997e-01 -6.2018062772974558e-01 -5.7326308007241020e-02 -7.8236160654712450e-01 -8.2912833721772361e-01 0.0000000000000000e+00 0.0000000000000000e+00 0.0000000000000000e+00 1.0000000000000000e+00</transform>
      </camera>
      <camera id="19" sensor_id="2" label="D5.jpg" enabled="1">
        <transform>7.8211509312841110e-01 1.6667163642836785e-01 -6.0043030129318675e-01 4.3289708335878396e+00 8.8352220113307192e-02 -9.8349168268072940e-01 -1.5791768519984431e-01 9.1926858002022638e-01 -6.1683860636457155e-01 7.0460454924144322e-02 -7.8392949809922052e-01 -4.6756855462173968e-01 0.0000000000000000e+00 0.0000000000000000e+00 0.0000000000000000e+00 1.0000000000000000e+00</transform>
      </camera>
      <camera id="20" sensor_id="2" label="E1.jpg" enabled="1">
        <transform>9.9939842724352901e-01 -2.5352569541634732e-02 2.3664970754176600e-02 2.8005814189590465e-02 -2.8914408825962665e-02 -9.8588716750333760e-01 1.6489526953339517e-01 -4.2718640882208430e+00 1.9150472197952486e-02 -1.6548033167081377e-01 -9.8602713920292928e-01 -5.2702250044028487e-01 0.0000000000000000e+00 0.0000000000000000e+00 0.0000000000000000e+00 1.0000000000000000e+00</transform>
      </camera>
      <camera id="21" sensor_id="2" label="E2.jpg" enabled="1">
        <transform>9.9988025010364123e-01 1.1330732608443809e-02 1.0540396161217581e-02 2.2960555796705303e-02 1.1192025251525788e-02 -9.9985120185495369e-01 1.3126793971641381e-02 -3.1492360488097129e+00 1.0687563962319541e-02 -1.3007253659426324e-02 -9.9985828362262952e-01 -3.6596174377438218e-01 0.0000000000000000e+00 0.0000000000000000e+00 0.0000000000000000e+00 1.0000000000000000e+00</transform>
      </camera>
      <camera id="22" sensor_id="2" label="E3.jpg" enabled="1">
        <transform>9.9972576253485479e-01 -1.8665316260188802e-02 1.4142336900620374e-02 6.6144146052055722e-02 -1.9818395202261536e-02 -9.9606875839029163e-01 8.6338055169374178e-02 -1.2033547709973602e+00 1.2475212852312142e-02 -8.6594656461758956e-02 -9.9616551563309974e-01 -3.4854025361734785e-02 0.0000000000000000e+00 0.0000000000000000e+00 0.0000000000000000e+00 1.0000000000000000e+00</transform>
      </camera>
      <camera id="23" sensor_id="2" label="E4.jpg" enabled="1">
        <transform>9.9995989868507418e-01 5.5934908152187150e-03 -6.9938460259812004e-03 6.1116452299504256e-02 5.6225406052639610e-03 -9.9997561977054428e-01 4.1408817488551046e-03 -7.5771478571659473e-02 -6.9705135303811819e-03 -4.1800388773200687e-03 -9.9996696906253202e-01 4.9105495784681201e-02 0.0000000000000000e+00 0.0000000000000000e+00 0.0000000000000000e+00 1.0000000000000000e+00</transform>
      </camera>
      <camera id="24" sensor_id="2" label="E5.jpg" enabled="1">
        <transform>9.9909275271264730e-01 8.6966631399616745e-03 -4.1689801238387510e-02 2.6099016109531703e-01 3.0282813809059373e-03 -9.9095706309167919e-01 -1.3414517740340812e-01 7.9306841543240914e-01 -4.2479418415796173e-02 1.3389722610623347e-01 -9.9008435592736843e-01 5.3530622614478807e-01 0.0000000000000000e+00 0.0000000000000000e+00 0.0000000000000000e+00 1.0000000000000000e+00</transform>
      </camera>
      <camera id="25" sensor_id="2" label="F1.jpg" enabled="1">
        <transform>7.5071246839474037e-01 6.3114127631419062e-02 6.5760732712615189e-01 -3.8781192895998582e+00 -5.1032292460849456e-02 -9.8691125437050253e-01 1.5297673392719374e-01 -4.0086573861103281e+00 6.5865506520702255e-01 -1.4840075097574823e-01 -7.3766572523533103e-01 -2.2759916920209156e+00 0.0000000000000000e+00 0.0000000000000000e+00 0.0000000000000000e+00 1.0000000000000000e+00</transform>
      </camera>
      <camera id="26" sensor_id="2" label="F2.jpg" enabled="1">
        <transform>7.3726545588453218e-01 -1.1406772578164381e-01 6.6590404826399419e-01 -3.7872387222675461e+00 -1.1932090287725508e-01 -9.9213430761194965e-01 -3.7842275247585315e-02 -2.8802867186107903e+00 6.6498283413628712e-01 -5.1556469956360103e-02 -7.4507701662963000e-01 -2.2664243081766053e+00 0.0000000000000000e+00 0.0000000000000000e+00 0.0000000000000000e+00 1.0000000000000000e+00</transform>
      </camera>
      <camera id="27" sensor_id="2" label="F3.jpg" enabled="1">
        <transform>7.6238177842639110e-01 -4.3267697948739262e-02 6.4567943302975761e-01 -3.9142242538924998e+00 -9.8013397033152080e-02 -9.9397205785591070e-01 4.9121504493528444e-02 -1.1523200253768591e+00 6.3966194034461232e-01 -1.0073457458044235e-01 -7.6202699923208950e-01 -1.7684379344990353e+00 0.0000000000000000e+00 0.0000000000000000e+00 0.0000000000000000e+00 1.0000000000000000e+00</transform>
      </camera>
      <camera id="28" sensor_id="2" label="F4.jpg" enabled="1">
        <transform>7.5668150700312886e-01 -7.4735219070197909e-02 6.4949807081314970e-01 -3.9229901654197930e+00 -1.0036134298539930e-01 -9.9494806584531292e-01 2.4386686609364008e-03 -9.2721857062670263e-02 6.4603459488919079e-01 -6.7029794130672338e-02 -7.6035932880787283e-01 -1.5840415381713406e+00 0.0000000000000000e+00 0.0000000000000000e+00 0.0000000000000000e+00 1.0000000000000000e+00</transform>
      </camera>
      <camera id="29" sensor_id="2" label="F5.jpg" enabled="1">
        <transform>7.7536608817960184e-01 -1.4962007091322629e-01 6.1353179516711542e-01 -3.9611800948755334e+00 -8.3228907246806122e-02 -9.8726461271464350e-01 -1.3557851407914015e-01 8.0294825983475593e-01 6.2600349703461300e-01 5.4059401229815653e-02 -7.7794421576300010e-01 -1.1978493684059499e+00 0.0000000000000000e+00 0.0000000000000000e+00 0.0000000000000000e+00 1.0000000000000000e+00</transform>
      </camera>
      <camera id="30" sensor_id="3" label="G1.jpg" enabled="1">
        <transform>-4.4935999356293554e-02 4.5020356221666960e-02 9.9797491125154314e-01 -5.6328271816702671e+00 -1.9924655798413754e-01 -9.7931673438158584e-01 3.5207142622770360e-02 -3.4628341529806104e+00 9.7891856918403841e-01 -1.9726099788316137e-01 5.2976727162165616e-02 -6.9578249717597949e+00 0.0000000000000000e+00 0.0000000000000000e+00 0.0000000000000000e+00 1.0000000000000000e+00</transform>
      </camera>
      <camera id="31" sensor_id="2" label="G2.jpg" enabled="1">
        <transform>-2.1805586635570662e-01 -9.6036077838078271e-02 9.7119962464023890e-01 -5.8881783955669862e+00 -1.8078906412310802e-01 -9.7394763043056942e-01 -1.3689896811944782e-01 -2.1241624989397860e+00 9.5904481305169098e-01 -2.0543389431191103e-01 1.9501272170422523e-01 -7.8999226794652726e+00 0.0000000000000000e+00 0.0000000000000000e+00 0.0000000000000000e+00 1.0000000000000000e+00</transform>
      </camera>
      <camera id="32" sensor_id="2" label="G3.jpg" enabled="1">
        <transform>-2.1016074833424847e-01 -2.5042123935336780e-02 9.7734607580344657e-01 -5.8534487747060400e+00 -1.5334889973495766e-01 -9.8645375150113412e-01 -5.8250417160881890e-02 -4.7775206270455339e-01 9.6556541715704947e-01 -1.6211689664605011e-01 2.0347367646009484e-01 -7.6285146404666273e+00 0.0000000000000000e+00 0.0000000000000000e+00 0.0000000000000000e+00 1.0000000000000000e+00</transform>
      </camera>
      <camera id="33" sensor_id="2" label="G4.jpg" enabled="1">
        <transform>-2.1485216837200782e-01 -7.8983113763631985e-02 9.7344759154566085e-01 -5.9931768182719596e+00 -1.2578267312012417e-01 -9.8618584296301004e-01 -1.0777848710245191e-01 6.0479611831439872e-01 9.6851291415685448e-01 -1.4559928186477628e-01 2.0194945959783872e-01 -7.4633842863580346e+00 0.0000000000000000e+00 0.0000000000000000e+00 0.0000000000000000e+00 1.0000000000000000e+00</transform>
      </camera>
      <camera id="34" sensor_id="2" label="G5.jpg" enabled="1">
        <transform>-2.6373362334942696e-01 -2.4033072097083680e-01 9.3417649321347218e-01 -5.9328337000918419e+00 -1.0834727793716586e-01 -9.5495486185648937e-01 -2.7626450944748548e-01 1.6667895416158434e+00 9.5849123276041981e-01 -1.7407572023200438e-01 2.2581452643069677e-01 -7.6803820414798549e+00 0.0000000000000000e+00 0.0000000000000000e+00 0.0000000000000000e+00 1.0000000000000000e+00</transform>
      </camera>
      <camera id="35" sensor_id="3" label="H1.jpg" enabled="1">
        <transform>-7.2981963132958483e-01 -1.0981343471246605e-02 6.8355154584092304e-01 -3.8387731571927781e+00 -6.7183858878741703e-02 -9.9387894568139235e-01 -8.7698178073465610e-02 -2.7873535813560824e+00 6.8033053351448969e-01 -1.0992748258197527e-01 7.2461459669335915e-01 -1.0847922838269886e+01 0.0000000000000000e+00 0.0000000000000000e+00 0.0000000000000000e+00 1.0000000000000000e+00</transform>
      </camera>
      <camera id="36" sensor_id="3" label="H2.jpg" enabled="1">
        <transform>-7.9020642271523633e-01 -3.2857279459630885e-02 6.1195931946993087e-01 -3.7143915267919905e+00 -1.5722506699988251e-01 -9.5427123761206678e-01 -2.5425712059491451e-01 -1.3688510634108519e+00 5.9232937442479727e-01 -2.9713095472004619e-01 7.4890527300899812e-01 -1.1528585147443703e+01 0.0000000000000000e+00 0.0000000000000000e+00 0.0000000000000000e+00 1.0000000000000000e+00</transform>
      </camera>
      <camera id="37" sensor_id="2" label="H3.jpg" enabled="1">
        <transform>-7.9824387991083845e-01 -4.4898159171083363e-02 6.0065869134470951e-01 -3.7194578344518781e+00 -1.0626033184386244e-01 -9.7108078721980284e-01 -2.1380095081406958e-01 1.2043035194085022e-01 5.9288738396201623e-01 -2.3449149237363820e-01 7.7038840200450920e-01 -1.1227888949377634e+01 0.0000000000000000e+00 0.0000000000000000e+00 0.0000000000000000e+00 1.0000000000000000e+00</transform>
      </camera>
      <camera id="38" sensor_id="2" label="H4.jpg" enabled="1">
        <transform>-7.8494263692206756e-01 -7.5709392336268874e-02 6.1492531632215652e-01 -3.9446672260970850e+00 -9.0951992369908849e-02 -9.6767280311727766e-01 -2.3523834974572996e-01 1.3684069418462232e+00 6.1285625706667568e-01 -2.4057729323280538e-01 7.5268172168254610e-01 -1.1373180396285957e+01 0.0000000000000000e+00 0.0000000000000000e+00 0.0000000000000000e+00 1.0000000000000000e+00</transform>
      </camera>
      <camera id="39" sensor_id="2" label="H5.jpg" enabled="1">
        <transform>-8.1542162156996012e-01 -1.5143751351150428e-01 5.5870766826460305e-01 -3.4798516501179271e+00 -1.1233591856113685e-01 -9.0542742065166726e-01 -4.0936759438565046e-01 2.5369124545187756e+00 5.6786285358107591e-01 -3.9657012675379594e-01 7.2129322337675950e-01 -1.0900539327363981e+01 0.0000000000000000e+00 0.0000000000000000e+00 0.0000000000000000e+00 1.0000000000000000e+00</transform>
      </camera>
    </cameras>
    <reference>LOCAL_CS["Local Coordinates (m)",LOCAL_DATUM["Local Datum",0],UNIT["metre",1,AUTHORITY["EPSG","9001"]]]</reference>
    <region>
      <center>2.6629250527306469e-01 -1.5333684651931081e+00 -6.3544850522476084e+00</center>
      <size>6.7587937162867302e+00 6.5992388435066722e+00 2.9883324015582140e+00</size>
      <R>-3.2510034620118845e-02 9.8746224436181618e-01 1.5447140061811973e-01 3.3095829926118453e-01 -1.3519801723540284e-01 9.3391011360074705e-01 9.4308520389153760e-01 8.1485042158305737e-02 -3.2241353275772427e-01</R>
    </region>
    <settings>
      <property name="accuracy_tiepoints" value="1"/>
      <property name="accuracy_cameras" value="10"/>
      <property name="accuracy_cameras_ypr" value="10"/>
      <property name="accuracy_markers" value="0.005"/>
      <property name="accuracy_scalebars" value="0.001"/>
      <property name="accuracy_projections" value="0.1"/>
    </settings>
    <meta>
      <property name="optimize/adaptive_fitting" value="false"/>
      <property name="optimize/duration" value="1.63678"/>
      <property name="optimize/fit_flags" value="f cx cy b1 b2 k1 k2 k3 p1 p2"/>
    </meta>
  </chunk>
</document>
