<?xml version="1.0" encoding="UTF-8"?>
<document version="1.4.0">
  <chunk label="Chunk 1" enabled="1">
    <sensors next_id="2">
      <sensor id="1" label="unknown" type="frame">
        <resolution width="3476" height="5208"/>
        <property name="fixed" value="0"/>
        <property name="layer_index" value="0"/>
        <calibration type="frame" class="adjusted">
          <resolution width="3476" height="5208"/>
          <f>11974.8454505685</f>
          <cx>-148.259358097309</cx>
          <cy>-118.765882156016</cy>
          <b1>56.7934296029183</b1>
          <b2>36.5793493929656</b2>
          <k1>-0.267281882390296</k1>
          <k2>3.08785884169676</k2>
          <k3>-23.4638166740892</k3>
          <p1>0.00211675770723886</p1>
          <p2>0.00994097573127913</p2>
        </calibration>
        <covariance>
          <params>f cx cy b1 b2 k1 k2 k3 p1 p2</params>
          <coeffs>4.6842598861502211e+03 -7.0761952141671554e+02 7.3495475751930580e+03 3.4916322120343622e+01 1.9701608285859624e+00 1.0370326612999405e+00 1.8729635741198830e+01 -3.3230681287802025e+02 -3.0646780397993900e-02 -3.5547690899284511e-03 -7.0761952141676591e+02 1.9752925210755588e+04 1.8402380345430317e+03 2.8548780807227035e+02 -2.4909194078137568e+02 -2.1594868134455081e+00 4.5592128252651975e+01 -4.1930945689291519e+02 1.8271488122917812e-01 1.7211314080785181e-01 7.3495475751930862e+03 1.8402380345430897e+03 4.8805004668272923e+04 7.1888117802392333e+02 1.0359624278594245e+03 3.1213704584946802e+00 1.6411373655814475e+02 -2.4713330024512293e+03 -8.7753870909876477e-02 5.2475943837857780e-02 3.4916322120359624e+01 2.8548780807233919e+02 7.1888117802409533e+02 9.1427955441503980e+02 1.3357732702838888e+02 -1.8896163424677112e-01 8.3344948340615179e+00 -9.1691783752282120e+01 -1.5663390720903270e-02 3.0221062385609707e-02 1.9701608285983780e+00 -2.4909194078132171e+02 1.0359624278595431e+03 1.3357732702839584e+02 7.6339119357818356e+02 4.4712836464224365e-01 -1.4749555138984189e+00 -1.3052948628136065e+01 -2.2499292296281902e-02 -3.3841886548029471e-02 1.0370326612998437e+00 -2.1594868134454419e+00 3.1213704584943724e+00 -1.8896163424678603e-01 4.4712836464223626e-01 5.0453494340043327e-03 -7.2351522475157470e-02 4.8626575660620142e-01 -8.1997083188268307e-05 -2.1670478433150777e-04 1.8729635741199186e+01 4.5592128252651555e+01 1.6411373655814140e+02 8.3344948340613794e+00 -1.4749555138985175e+00 -7.2351522475157123e-02 2.2956392009324302e+00 -2.3075741467935266e+01 6.6561914286077312e-04 3.2350781090444941e-03 -3.3230681287803134e+02 -4.1930945689290365e+02 -2.4713330024512056e+03 -9.1691783752273295e+01 -1.3052948628130963e+01 4.8626575660619709e-01 -2.3075741467935302e+01 2.5614806492298777e+02 -2.4722428563707225e-03 -2.4802000891241554e-02 -3.0646780397994278e-02 1.8271488122918014e-01 -8.7753870909874188e-02 -1.5663390720903329e-02 -2.2499292296282218e-02 -8.1997083188267819e-05 6.6561914286075046e-04 -2.4722428563698465e-03 5.3375960339195735e-06 4.6588051098582146e-06 -3.5547690899256417e-03 1.7211314080784981e-01 5.2475943837872366e-02 3.0221062385609287e-02 -3.3841886548029908e-02 -2.1670478433150731e-04 3.2350781090445175e-03 -2.4802000891242199e-02 4.6588051098582883e-06 1.4846590816454492e-05</coeffs>
        </covariance>
      </sensor>
    </sensors>
    <cameras next_id="8" next_group_id="0">
      <camera id="0" sensor_id="1" label="BOTTOMLEFT.jpg" enabled="1">
        <transform>8.5015645882664803e-01 -1.6079115641488473e-01 -5.0137829982369453e-01 5.5805431830951067e+00 -9.2191654005678025e-03 -9.5663072594282694e-01 2.9115745082586658e-01 -3.4579908779089217e+00 -5.2644943014942236e-01 -2.4290709788078241e-01 -8.1476815063825636e-01 -9.4045607655638053e-01 0.0000000000000000e+00 0.0000000000000000e+00 0.0000000000000000e+00 1.0000000000000000e+00</transform>
      </camera>
      <camera id="1" sensor_id="1" label="BOTTOMRIGHT.jpg" enabled="1">
        <transform>9.2964176139065047e-01 -1.6586251845568964e-01 -3.2902252270935073e-01 4.2344960456963276e+00 -6.3720658691415050e-02 -9.5187041774653580e-01 2.9980391170724829e-01 -3.4038583432554907e+00 -3.6291303797800023e-01 -2.5774470467998245e-01 -8.9546736069775723e-01 -2.8339421836526180e-01 0.0000000000000000e+00 0.0000000000000000e+00 0.0000000000000000e+00 1.0000000000000000e+00</transform>
      </camera>
      <camera id="2" sensor_id="1" label="LEFT.jpg" enabled="1">
        <transform>4.5192353689283904e-01 -1.6356247631697834e-01 -8.7693353975277055e-01 8.9609952927947614e+00 -9.1245644800080475e-02 -9.8636645980235937e-01 1.3695049938564702e-01 -1.4462802943575075e+00 -8.8737779390025506e-01 1.8125212219956346e-02 -4.6068658280299180e-01 -4.4296075314359058e+00 0.0000000000000000e+00 0.0000000000000000e+00 0.0000000000000000e+00 1.0000000000000000e+00</transform>
      </camera>
      <camera id="3" sensor_id="1" label="LEFTMOST.jpg" enabled="1">
        <transform>2.8113790764370294e-01 -1.3806586768091295e-01 -9.4968378582938684e-01 9.5074746493408071e+00 -1.2056153010143317e-01 -9.8683788099370606e-01 1.0777715015462780e-01 -1.6350896692249810e+00 -9.5206428057422754e-01 8.4195087845839345e-02 -2.9408296930850963e-01 -5.9087456228511286e+00 0.0000000000000000e+00 0.0000000000000000e+00 0.0000000000000000e+00 1.0000000000000000e+00</transform>
      </camera>
      <camera id="4" sensor_id="1" label="MIDLEFT.jpg" enabled="1">
        <transform>8.5140318090306244e-01 -6.1473577418079739e-02 -5.2089694069707337e-01 5.8851805059687221e+00 -4.1559024838707478e-02 -9.9789228354662507e-01 4.9838116864080788e-02 -1.1474832211818957e+00 -5.2286276498006878e-01 -2.0784362331460533e-02 -8.5216344634105956e-01 -4.6531318112297604e-01 0.0000000000000000e+00 0.0000000000000000e+00 0.0000000000000000e+00 1.0000000000000000e+00</transform>
      </camera>
      <camera id="5" sensor_id="1" label="MIDRIGHT.jpg" enabled="1">
        <transform>9.3262703495210164e-01 -4.3080247066897115e-02 -3.5826094678195880e-01 4.6026690387306424e+00 -3.2210512174268860e-02 -9.9882329520807911e-01 3.6256142309211079e-02 -1.0900673606569367e+00 -3.5940130297749578e-01 -2.2273689912755613e-02 -9.3291724507361784e-01 1.9644177150926198e-01 0.0000000000000000e+00 0.0000000000000000e+00 0.0000000000000000e+00 1.0000000000000000e+00</transform>
      </camera>
      <camera id="6" sensor_id="1" label="RIGHT.jpg" enabled="1">
        <transform>9.9011853603024913e-01 -1.3022613667779744e-02 1.3962698930570960e-01 -1.8684732564219408e-01 -1.9145544815849382e-02 -9.9890879576241676e-01 4.2598895081712065e-02 -1.0329027700375915e+00 1.3891987878997480e-01 -4.4851190416065501e-02 -9.8928743952161879e-01 2.3712962497949924e-01 0.0000000000000000e+00 0.0000000000000000e+00 0.0000000000000000e+00 1.0000000000000000e+00</transform>
      </camera>
      <camera id="7" sensor_id="1" label="RIGHTMOST.jpg" enabled="1">
        <transform>9.5861779216361320e-01 2.4412789428654727e-02 2.8364757051607686e-01 -1.5755524561472942e+00 1.8688031327149392e-02 -9.9956372968251661e-01 2.2871549757116472e-02 -1.0552570594040764e+00 2.8408218182856187e-01 -1.6624259847852943e-02 -9.5865580264870609e-01 -1.9680897444789702e-01 0.0000000000000000e+00 0.0000000000000000e+00 0.0000000000000000e+00 1.0000000000000000e+00</transform>
      </camera>
    </cameras>
    <reference>LOCAL_CS["Local Coordinates (m)",LOCAL_DATUM["Local Datum",0],UNIT["metre",1,AUTHORITY["EPSG","9001"]]]</reference>
    <region>
      <center>1.4234766440377451e+00 -1.0806128591707134e+00 -8.2130632415883298e+00</center>
      <size>4.4366620507559800e+00 4.3042081875843490e+00 2.8246962580917274e+00</size>
      <R>-1.7877871840695125e-01 -9.6024460115575827e-01 -2.1440260212037271e-01 9.1301257107298561e-01 -8.0702653659668125e-02 -3.9986888695544204e-01 3.6666908092647277e-01 -2.6724031814736632e-01 8.9114330915348861e-01</R>
    </region>
    <settings>
      <property name="accuracy_tiepoints" value="1"/>
      <property name="accuracy_cameras" value="10"/>
      <property name="accuracy_cameras_ypr" value="10"/>
      <property name="accuracy_markers" value="0.005"/>
      <property name="accuracy_scalebars" value="0.001"/>
      <property name="accuracy_projections" value="0.1"/>
    </settings>
    <meta>
      <property name="optimize/adaptive_fitting" value="false"/>
      <property name="optimize/duration" value="0.516614"/>
      <property name="optimize/fit_flags" value="f cx cy b1 b2 k1 k2 k3 p1 p2"/>
    </meta>
  </chunk>
</document>
